000 010 110110 1000 000 101 0010 111 010 101 011 1100 111 1000 010 101 000 1100 111 11010 000 010 1101110 011 101 000 111 010 1100 11010 011 000 010 111 10011 11010 011 101 111 011 010 11010 110110 10011 011 11010 000 110110 1001011 010 011 111 10011 101 11010 011 111 10011 011 11010 111 100100 
















101 010 011 111 0010 011 000 101 111 010 1100 000 10011 1100 11010 101 011 1101111 10011 101 011 0011 111 11010 1001011 000 111 111 010 000 1100 111 10011 101 1100 011 0011 111 010 10011 011 101 11010 111 010 10011 011 11010 101 10011 1100 0011 101 011 111 111 10011 011 101 1100 100100 
















010 101 011 110110 0010 10010100 011 101 111 010 1000 0010 1100 011 101 111 110110 1100 0010 011 101 111 010 1100 0010 101 011 111 1100 010 0010 000 111 011 101 1100 111 010 000 1100 101 011 111 010 101 011 111 1000 0011 1100 101 011 111 0011 011 101 111 1000 010 100100 
















010 101 011 111 0010 1000 011 010 1000 101 0011 011 1100 111 010 0011 101 011 111 010 0011 1000 101 111 1000 010 0011 011 101 111 010 1000 0011 101 011 1000 010 111 1101111 011 101 111 1000 1001011 101 1100 0010 111 1000 000 1100 0010 111 010 1000 000 1100 0010 110110 1000 000 100100 
















010 000 111 1000 0010 101 000 111 010 1000 1100 101 111 000 1000 010 011 101 0011 111 010 1000 0011 101 0010 111 1000 0011 101 000 111 010 1000 011 0011 101 0010 000 0011 101 0010 011 000 1101110 101 0011 0010 1101110 000 000 101 111 010 000 101 1101111 010 10010101 000 101 0011 010 1101111 100100 
















